loss=3.937200
epoch=0
lr=0.00010000
tokens=1898
