loss=6.182700
epoch=0
lr=0.00010000
tokens=468
