loss=10.799100
epoch=1
lr=0.00005500
tokens=468
