loss=6.176900
epoch=2
lr=0.00006140
tokens=468
