loss=10.708400
epoch=10
lr=0.00001000
tokens=468
