loss=5.981500
epoch=30
lr=0.00001000
tokens=468
