loss=10.854100
epoch=1
lr=0.00009485
tokens=468
