loss=9.722900
epoch=16
lr=0.00001000
tokens=1898
