loss=3.205900
epoch=39
lr=0.00001000
tokens=1898
