loss=6.118200
epoch=10
lr=0.00001000
tokens=468
