loss=10.823918
epoch=16
lr=0.00001000
tokens=468
