loss=3.369900
epoch=8
lr=0.00001982
tokens=1898
