loss=3.369700
epoch=9
lr=0.00001007
tokens=1898
