loss=10.824695
epoch=6
lr=0.00001000
tokens=468
