loss=10.617000
epoch=11
lr=0.00001000
tokens=468
