loss=10.590200
epoch=39
lr=0.00001000
tokens=468
