loss=10.597400
epoch=11
lr=0.00001000
tokens=468
