loss=5.973900
epoch=0
lr=0.00010000
tokens=10240
